[gd_scene load_steps=8 format=3 uid="uid://dlfda2g7a4rwy"]

[ext_resource type="Script" uid="uid://di8kfp70utkky" path="res://scripts/main_menu.gd" id="1_ekxnf"]
[ext_resource type="PackedScene" uid="uid://dmkv0c8b22xeo" path="res://assets/Cheese.glb" id="1_l6cm7"]

[sub_resource type="QuadMesh" id="QuadMesh_ekxnf"]

[sub_resource type="QuadMesh" id="QuadMesh_bqqt6"]

[sub_resource type="QuadMesh" id="QuadMesh_wu84c"]

[sub_resource type="StandardMaterial3D" id="StandardMaterial3D_l6cm7"]
albedo_color = Color(0.30323282, 0.30323282, 0.30323282, 1)

[sub_resource type="TextMesh" id="TextMesh_ekxnf"]
material = SubResource("StandardMaterial3D_l6cm7")
text = "Gamejam Title"

[node name="MainMenu" type="Node3D"]
script = ExtResource("1_ekxnf")

[node name="Camera3D" type="Camera3D" parent="."]
transform = Transform3D(0.5749767, 0, 0.81816983, 0, 1, 0, -0.81816983, 0, 0.5749767, 1.0587989, 0.93380505, 0.00594151)
current = true

[node name="ColorRect" type="ColorRect" parent="Camera3D"]
anchors_preset = 15
anchor_right = 1.0
anchor_bottom = 1.0
grow_horizontal = 2
grow_vertical = 2
size_flags_horizontal = 3
size_flags_vertical = 3
color = Color(0, 0, 0, 0.2)

[node name="Buttons" type="VBoxContainer" parent="Camera3D/ColorRect"]
layout_mode = 0
offset_left = 731.13
offset_top = 400.0
offset_right = 911.13
offset_bottom = 501.0

[node name="Start" type="Button" parent="Camera3D/ColorRect/Buttons"]
layout_mode = 2
text = "Start"

[node name="Quit" type="Button" parent="Camera3D/ColorRect/Buttons"]
layout_mode = 2
text = "Quit"

[node name="Credits" type="Button" parent="Camera3D/ColorRect/Buttons"]
layout_mode = 2
text = "Credits"

[node name="Geometry" type="Node3D" parent="."]

[node name="Ground" type="MeshInstance3D" parent="Geometry"]
transform = Transform3D(4, 0, 0, 0, -1.7484555e-07, 4, 0, -4, -1.7484555e-07, 0, 0, 0)
mesh = SubResource("QuadMesh_ekxnf")
skeleton = NodePath("../..")

[node name="Left" type="MeshInstance3D" parent="Geometry"]
transform = Transform3D(-1.7484555e-07, 0, 4, 0, 4, 0, -4, 0, -1.7484555e-07, -2, 2, 0)
mesh = SubResource("QuadMesh_bqqt6")
skeleton = NodePath("../..")

[node name="Right" type="MeshInstance3D" parent="Geometry"]
transform = Transform3D(4, 0, 0, 0, 4, 0, 0, 0, 4, 0, 2, -2)
mesh = SubResource("QuadMesh_wu84c")
skeleton = NodePath("../..")

[node name="Cheese" parent="." instance=ExtResource("1_l6cm7")]
transform = Transform3D(1, 0, 0, 0, 0.235634, -0.9718419, 0, 0.9718419, 0.235634, 0, 0.9218956, -1.6715472)

[node name="DirectionalLight3D" type="DirectionalLight3D" parent="."]
transform = Transform3D(0.63311535, -0.46860623, 0.61609507, 0.43736932, 0.87326247, 0.21475743, -0.63864946, 0.13349487, 0.75782996, 0, 2.1620505, 0)

[node name="MeshInstance3D" type="MeshInstance3D" parent="."]
transform = Transform3D(0.9220997, -0.10009848, 0.37378126, -1.2255045e-08, 0.96596193, 0.2586842, -0.3869524, -0.23853257, 0.89071304, 0.4545946, 1.2907348, -1.108666)
mesh = SubResource("TextMesh_ekxnf")

[connection signal="pressed" from="Camera3D/ColorRect/Buttons/Start" to="." method="_on_start_pressed"]
[connection signal="pressed" from="Camera3D/ColorRect/Buttons/Quit" to="." method="_on_quit_pressed"]
[connection signal="pressed" from="Camera3D/ColorRect/Buttons/Credits" to="." method="_on_credits_pressed"]
