[gd_scene load_steps=13 format=3 uid="uid://dlfda2g7a4rwy"]

[ext_resource type="Script" uid="uid://di8kfp70utkky" path="res://scripts/main_menu.gd" id="1_ekxnf"]
[ext_resource type="PackedScene" uid="uid://dmkv0c8b22xeo" path="res://assets/Cheese.glb" id="1_l6cm7"]

[sub_resource type="QuadMesh" id="QuadMesh_ekxnf"]

[sub_resource type="QuadMesh" id="QuadMesh_bqqt6"]

[sub_resource type="QuadMesh" id="QuadMesh_wu84c"]

[sub_resource type="StandardMaterial3D" id="StandardMaterial3D_ekxnf"]
albedo_color = Color(0.30323282, 0.30323282, 0.30323282, 1)

[sub_resource type="TextMesh" id="TextMesh_bqqt6"]
material = SubResource("StandardMaterial3D_ekxnf")
text = "Timon
David
Mehrdad"

[sub_resource type="StandardMaterial3D" id="StandardMaterial3D_l6cm7"]
albedo_color = Color(0.30323282, 0.30323282, 0.30323282, 1)

[sub_resource type="TextMesh" id="TextMesh_ekxnf"]
material = SubResource("StandardMaterial3D_l6cm7")
text = "Pihlipp The Mouse"

[sub_resource type="Animation" id="Animation_bqqt6"]
length = 0.001
tracks/0/type = "value"
tracks/0/imported = false
tracks/0/enabled = true
tracks/0/path = NodePath("Camera3D:rotation")
tracks/0/interp = 1
tracks/0/loop_wrap = true
tracks/0/keys = {
"times": PackedFloat32Array(0),
"transitions": PackedFloat32Array(1),
"update": 0,
"values": [Vector3(-0.40737575, 0.07522946, -0.029853478)]
}
tracks/1/type = "value"
tracks/1/imported = false
tracks/1/enabled = true
tracks/1/path = NodePath("Camera3D:position")
tracks/1/interp = 1
tracks/1/loop_wrap = true
tracks/1/keys = {
"times": PackedFloat32Array(0),
"transitions": PackedFloat32Array(1),
"update": 0,
"values": [Vector3(0.39056802, 1.2107887, 0.44920993)]
}

[sub_resource type="Animation" id="Animation_ekxnf"]
resource_name = "new_animation"
length = 3.0
tracks/0/type = "value"
tracks/0/imported = false
tracks/0/enabled = true
tracks/0/path = NodePath("Camera3D:rotation")
tracks/0/interp = 1
tracks/0/loop_wrap = true
tracks/0/keys = {
"times": PackedFloat32Array(0, 3),
"transitions": PackedFloat32Array(1, 1),
"update": 0,
"values": [Vector3(-0.12357969, 0.23982261, -0.030132797), Vector3(0.3378351, 1.6893127, 0.039446183)]
}
tracks/1/type = "value"
tracks/1/imported = false
tracks/1/enabled = true
tracks/1/path = NodePath("Camera3D:position")
tracks/1/interp = 1
tracks/1/loop_wrap = true
tracks/1/keys = {
"times": PackedFloat32Array(0, 3),
"transitions": PackedFloat32Array(1, 1),
"update": 0,
"values": [Vector3(0.39056802, 1.2107887, 0.44920993), Vector3(0.39056802, 1.8283451, 0.44920993)]
}

[sub_resource type="AnimationLibrary" id="AnimationLibrary_wu84c"]
_data = {
&"RESET": SubResource("Animation_bqqt6"),
&"new_animation": SubResource("Animation_ekxnf")
}

[node name="MainMenu" type="Node3D"]
script = ExtResource("1_ekxnf")

[node name="Camera3D" type="Camera3D" parent="."]
transform = Transform3D(0.99761593, -9.313225e-09, 0.06900782, -0.027406305, 0.91775453, 0.39620116, -0.063332245, -0.3971479, 0.9155667, 0.39056802, 1.2107887, 0.44920993)
current = true

[node name="ColorRect" type="ColorRect" parent="Camera3D"]
anchors_preset = 15
anchor_right = 1.0
anchor_bottom = 1.0
grow_horizontal = 2
grow_vertical = 2
size_flags_horizontal = 3
size_flags_vertical = 3
color = Color(0, 0, 0, 0.2)

[node name="Buttons" type="VBoxContainer" parent="Camera3D/ColorRect"]
layout_mode = 0
offset_left = 731.13
offset_top = 400.0
offset_right = 911.13
offset_bottom = 501.0

[node name="Start" type="Button" parent="Camera3D/ColorRect/Buttons"]
layout_mode = 2
text = "Start"

[node name="Quit" type="Button" parent="Camera3D/ColorRect/Buttons"]
layout_mode = 2
text = "Quit"

[node name="Credits" type="Button" parent="Camera3D/ColorRect/Buttons"]
layout_mode = 2
text = "Credits"

[node name="Geometry" type="Node3D" parent="."]

[node name="Ground" type="MeshInstance3D" parent="Geometry"]
transform = Transform3D(4, 0, 0, 0, -1.7484555e-07, 4, 0, -4, -1.7484555e-07, 0, 0, 0)
mesh = SubResource("QuadMesh_ekxnf")
skeleton = NodePath("../..")

[node name="Left" type="MeshInstance3D" parent="Geometry"]
transform = Transform3D(-1.7484555e-07, 0, 4, 0, 4, 0, -4, 0, -1.7484555e-07, -2, 2, 0)
mesh = SubResource("QuadMesh_bqqt6")
skeleton = NodePath("../..")

[node name="Right" type="MeshInstance3D" parent="Geometry"]
transform = Transform3D(4, 0, 0, 0, 4, 0, 0, 0, 4, 0, 2, -2)
mesh = SubResource("QuadMesh_wu84c")
skeleton = NodePath("../..")

[node name="Cheese" parent="." instance=ExtResource("1_l6cm7")]
transform = Transform3D(1, 0, 0, 0, 0.235634, -0.9718419, 0, 0.9718419, 0.235634, 0, 0.9218956, -1.6715472)

[node name="DirectionalLight3D" type="DirectionalLight3D" parent="."]
transform = Transform3D(0.63311535, -0.46860623, 0.61609507, 0.43736932, 0.87326247, 0.21475743, -0.63864946, 0.13349487, 0.75782996, 0, 2.1620505, 0)

[node name="Credit" type="MeshInstance3D" parent="."]
transform = Transform3D(-0.08339036, 0.20051411, 0.9325824, 0.10118517, 1.6896312, -0.10736382, -1.563794, 0.09863504, -0.056677718, -0.9635771, 2.2857313, 0.46520108)
mesh = SubResource("TextMesh_bqqt6")
skeleton = NodePath("../MeshInstance3D")

[node name="MeshInstance3D" type="MeshInstance3D" parent="."]
transform = Transform3D(0.97219455, -0.06057742, 0.22620422, -1.9125224e-08, 0.96596205, 0.25868422, -0.23417507, -0.2514913, 0.93910265, 0.14281869, 1.1567402, -1.108666)
mesh = SubResource("TextMesh_ekxnf")

[node name="AnimationPlayer" type="AnimationPlayer" parent="."]
libraries = {
&"": SubResource("AnimationLibrary_wu84c")
}

[connection signal="pressed" from="Camera3D/ColorRect/Buttons/Start" to="." method="_on_start_pressed"]
[connection signal="pressed" from="Camera3D/ColorRect/Buttons/Quit" to="." method="_on_quit_pressed"]
[connection signal="pressed" from="Camera3D/ColorRect/Buttons/Credits" to="." method="_on_credits_pressed"]
